 5.0000        0.47
 5.0200        0.51
 5.0400        0.55
 5.0600        0.60
 5.0800        0.66
 5.1000        0.72
 5.1200        0.80
 5.1400        0.89
 5.1600        1.00
 5.1800        1.13
 5.2000        1.29
 5.2200        1.49
 5.2400        1.74
 5.2600        2.06
 5.2800        2.49
 5.3000        3.07
 5.3200        3.89
 5.3400        5.13
 5.3600        7.14
 5.3800       10.53
 5.4000       16.12
 5.4200       24.57
 5.4400       34.65
 5.4600       40.06
 5.4800       34.93
 5.5000       24.88
 5.5200       16.37
 5.5400       10.72
 5.5600        7.29
 5.5800        5.27
 5.6000        4.03
 5.6200        3.22
 5.6400        2.65
 5.6600        2.24
 5.6800        1.94
 5.7000        1.71
 5.7200        1.53
 5.7400        1.39
 5.7600        1.29
 5.7800        1.21
 5.8000        1.14
 5.8200        1.10
 5.8400        1.07
 5.8600        1.05
 5.8800        1.04
 5.9000        1.04
 5.9200        1.06
 5.9400        1.08
 5.9600        1.11
 5.9800        1.16
 6.0000        1.21
 6.0200        1.28
 6.0400        1.37
 6.0600        1.47
 6.0800        1.59
 6.1000        1.74
 6.1200        1.92
 6.1400        2.14
 6.1600        2.41
 6.1800        2.74
 6.2000        3.15
 6.2200        3.68
 6.2400        4.36
 6.2600        5.25
 6.2800        6.47
 6.3000        8.19
 6.3200       10.77
 6.3400       14.91
 6.3600       21.87
 6.3800       33.48
 6.4000       51.39
 6.4200       74.10
 6.4400       89.55
 6.4600       81.82
 6.4800       59.64
 6.5000       39.37
 6.5200       25.54
 6.5400       17.06
 6.5600       12.04
 6.5800        8.98
 6.6000        6.99
 6.6200        5.61
 6.6400        4.60
 6.6600        3.84
 6.6800        3.25
 6.7000        2.79
 6.7200        2.42
 6.7400        2.12
 6.7600        1.88
 6.7800        1.67
 6.8000        1.50
 6.8200        1.35
 6.8400        1.23
 6.8600        1.12
 6.8800        1.03
 6.9000        0.94
 6.9200        0.83
 6.9400        0.77
 6.9600        0.72
 6.9800        0.67
 7.0000        0.63
 7.0200        0.59
 7.0400        0.56
 7.0600        0.52
 7.0800        0.50
 7.1000        0.47
 7.1200        0.45
 7.1400        0.43
 7.1600        0.42
 7.1800        0.41
 7.2000        0.39
 7.2200        0.39
 7.2400        0.38
 7.2600        0.38
 7.2800        0.38
 7.3000        0.38
 7.3200        0.39
 7.3400        0.41
 7.3600        0.44
 7.3800        0.49
 7.4000        0.56
 7.4200        0.70
 7.4400        0.92
 7.4600        1.26
 7.4800        1.68
 7.5000        1.98
 7.5200        1.85
 7.5400        1.49
 7.5600        1.18
 7.5800        1.02
 7.6000        1.01
 7.6200        1.15
 7.6400        1.45
 7.6600        1.90
 7.6800        2.37
 7.7000        2.70
 7.7200        3.09
 7.7400        3.72
 7.7600        4.22
 7.7800        3.87
 7.8000        2.89
 7.8200        1.97
 7.8400        1.33
 7.8600        0.93
 7.8800        0.69
 7.9000        0.54
 7.9200        0.36
 7.9400        0.29
 7.9600        0.24
 7.9800        0.20
 8.0000        0.17
 8.0200        0.15
 8.0400        0.13
 8.0600        0.12
 8.0800        0.10
 8.1000        0.09
 8.1200        0.08
 8.1400        0.08
 8.1600        0.07
 8.1800        0.06
 8.2000        0.06
 8.2200        0.05
 8.2400        0.05
 8.2600        0.05
 8.2800        0.04
 8.3000        0.04
 8.3200        0.04
 8.3400        0.03
 8.3600        0.03
 8.3800        0.03
 8.4000        0.03
 8.4200        0.03
 8.4400        0.03
 8.4600        0.02
 8.4800        0.02
 8.5000        0.02
 8.5200        0.02
 8.5400        0.02
 8.5600        0.02
 8.5800        0.04
 8.6000        0.04
 8.6200        0.04
 8.6400        0.08
 8.6600        0.08
 8.6800        0.08
 8.7000        0.08
 8.7200        0.08
 8.7400        0.09
 8.7600        0.09
 8.7800        0.09
 8.8000        0.09
 8.8200        0.09
 8.8400        2.15
 8.8600        2.21
 8.8800        2.28
 8.9000        2.34
 8.9200        2.41
 8.9400        2.48
 8.9600        2.56
 8.9800        2.63
 9.0000        2.72
 9.0200        2.80
 9.0400        2.89
 9.0600        2.99
 9.0800        3.09
 9.1000        3.19
 9.1200        3.30
 9.1400        3.42
 9.1600        3.54
 9.1800        3.67
 9.2000        3.81
 9.2200        3.95
 9.2400        4.10
 9.2600        4.26
 9.2800        4.43
 9.3000        4.61
 9.3200        4.81
 9.3400        5.01
 9.3600        5.23
 9.3800        5.47
 9.4000        5.72
 9.4200        5.99
 9.4400        6.28
 9.4600        6.59
 9.4800        8.38
 9.5000        8.78
 9.5200        9.27
 9.5400        9.74
 9.5600       10.25
 9.5800       10.79
 9.6000       11.39
 9.6200       12.03
 9.6400       12.74
 9.6600       13.52
 9.6800       14.37
 9.7000       15.31
 9.7200       16.36
 9.7400       17.52
 9.7600       18.82
 9.7800       20.29
 9.8000       21.95
 9.8200       23.85
 9.8400       26.03
 9.8600       28.57
 9.8800       31.57
 9.9000       35.18
 9.9200       39.64
 9.9400       45.38
 9.9600       53.09
 9.9800       63.74
10.0000       78.35
10.0200       96.56
10.0400      114.99
10.0600      131.56
10.0800      145.70
10.1000      155.18
10.1200      166.96
10.1400      190.26
10.1600      231.88
10.1800      302.36
10.2000      422.60
10.2200      627.96
10.2400      962.98
10.2600     1448.15
10.2800     1959.76
10.3000     2100.26
10.3200     1709.07
10.3400     1178.77
10.3600      769.87
10.3800      507.43
10.4000      350.68
10.4200      257.65
10.4400      199.84
10.4600      161.47
10.4800      134.62
10.5000      115.22
10.5200      100.99
10.5400       90.52
10.5600       82.91
10.5800       77.58
10.6000       74.14
10.6200       72.44
10.6400       72.30
10.6600       73.80
10.6800       77.09
10.7000       82.47
10.7200       90.45
10.7400      101.84
10.7600      117.98
10.7800      141.13
10.8000      175.61
10.8200      230.06
10.8400      320.90
10.8600      474.73
10.8800      723.71
10.9000     1079.01
10.9200     1438.22
10.9400     1512.16
10.9600     1227.96
10.9800      869.68
11.0000      589.85
11.0200      397.00
11.0400      274.04
11.0600      198.23
11.0800      150.37
11.1000      118.56
11.1200       96.27
11.1400       79.94
11.1600       67.57
11.1800       57.95
11.2000       50.32
11.2200       44.16
11.2400       39.11
11.2600       34.92
11.2800       31.58
11.3000       28.60
11.3200       26.05
11.3400       23.86
11.3600       21.95
11.3800       20.28
11.4000       18.81
11.4200       17.52
11.4400       16.36
11.4600       15.34
11.4800       14.42
11.5000       13.57
11.5200       12.83
11.5400       12.12
11.5600       11.53
11.5800       11.00
11.6000       10.54
11.6200       10.14
11.6400        9.80
11.6600        9.46
11.6800        9.09
11.7000        8.71
11.7200        8.39
11.7400        8.11
11.7600        5.86
11.7800        5.73
11.8000        5.64
11.8200        5.60
11.8400        5.60
11.8600        5.66
11.8800        5.80
11.9000        6.02
11.9200        6.38
11.9400        6.93
11.9600        7.80
11.9800        9.23
12.0000       11.82
12.0200       16.01
12.0400       22.67
12.0600       31.75
12.0800       39.61
12.1000       38.99
12.1200       30.77
12.1400       22.24
12.1600       16.27
12.1800       12.48
12.2000        9.97
12.2200        8.32
12.2400        7.29
12.2600        6.69
12.2800        6.28
12.3000        5.92
12.3200        5.63
12.3400        5.46
12.3600        5.39
12.3800        5.43
12.4000        5.56
12.4200        4.38
12.4400        4.72
12.4600        5.16
12.4800        5.67
12.5000        6.39
12.5200        7.32
12.5400        8.52
12.5600       10.11
12.5800       12.24
12.6000       15.21
12.6200       19.56
12.6400       26.39
12.6600       37.76
12.6800       56.90
12.7000       87.47
12.7200      129.88
12.7400      169.14
12.7600      170.54
12.7800      132.50
12.8000       89.75
12.8200       58.59
12.8400       39.06
12.8600       27.53
12.8800       20.68
12.9000       16.37
12.9200       13.37
12.9400       11.14
12.9600        9.48
12.9800        8.26
13.0000        7.36
13.0200        6.70
13.0400        6.23
13.0600        5.91
13.0800        5.72
13.1000        5.66
13.1200        5.73
13.1400        5.97
13.1600        6.43
13.1800        7.15
13.2000        8.17
13.2200        9.35
13.2400       10.50
13.2600       11.98
13.2800       14.34
13.3000       17.60
13.3200       20.81
13.3400       23.23
13.3600       26.70
13.3800       34.11
13.4000       48.33
13.4200       72.29
13.4400      106.48
13.4600      139.47
13.4800      142.63
13.5000      112.03
13.5200       76.17
13.5400       49.64
13.5600       32.84
13.5800       22.79
13.6000       26.68
13.6200       23.14
13.6400       20.84
13.6600       19.27
13.6800       18.19
13.7000       17.45
13.7200       16.96
13.7400       16.65
13.7600       16.49
13.7800       16.44
13.8000       16.49
13.8200       16.62
13.8400       16.81
13.8600       17.07
13.8800       17.39
13.9000       17.76
13.9200       18.17
13.9400       18.64
13.9600       21.96
13.9800       22.60
14.0000       23.30
14.0200       24.05
14.0400       24.87
14.0600       25.74
14.0800       26.68
14.1000       30.03
14.1200       31.17
14.1400       32.39
14.1600       33.70
14.1800       35.11
14.2000       36.61
14.2200       38.23
14.2400       39.81
14.2600       41.68
14.2800       43.71
14.3000       45.89
14.3200       48.26
14.3400       50.82
14.3600       53.61
14.3800       56.64
14.4000       59.95
14.4200       63.57
14.4400       67.55
14.4600       71.93
14.4800       76.76
14.5000       82.16
14.5200       88.12
14.5400       94.77
14.5600      102.24
14.5800      110.70
14.6000      120.24
14.6200      131.11
14.6400      143.57
14.6600      157.96
14.6800      174.69
14.7000      194.32
14.7200      217.56
14.7400      245.36
14.7600      279.03
14.7800      320.35
14.8000      371.83
14.8200      437.00
14.8400      520.80
14.8600      630.66
14.8800      779.58
14.9000      991.46
14.9200     1313.07
14.9400     1836.30
14.9600     2718.20
14.9800     4168.64
15.0000     6332.83
15.0200     8834.78
15.0400    10000.00
15.0600     8545.12
15.0800     6035.61
15.1000     3976.18
15.1200     2626.48
15.1400     1818.59
15.1600     1347.47
15.1800     1066.40
15.2000      892.49
15.2200      785.09
15.2400      725.92
15.2600      708.91
15.2800      738.59
15.3000      833.40
15.3200     1031.25
15.3400     1388.35
15.3600     1954.81
15.3800     2672.78
15.4000     3143.41
15.4200     2891.20
15.4400     2239.93
15.4600     1705.10
15.4800     1443.63
15.5000     1464.68
15.5200     1757.94
15.5400     2265.10
15.5600     2695.78
15.5800     2558.30
15.6000     1948.16
15.6200     1340.27
15.6400      908.82
15.6600      637.03
15.6800      471.82
15.7000      368.80
15.7200      300.31
15.7400      251.68
15.7600      215.46
15.7800      187.67
15.8000      165.95
15.8200      148.86
15.8400      135.55
15.8600      125.72
15.8800      119.54
15.9000      117.63
15.9200      120.02
15.9400      124.53
15.9600      124.23
15.9800      116.77
16.0000      109.68
16.0200      107.94
16.0400      108.38
16.0600      101.81
16.0800       87.47
16.1000       73.18
16.1200       62.38
16.1400       54.82
16.1600       49.50
16.1800       45.57
16.2000       42.47
16.2200       39.90
16.2400       37.71
16.2600       35.89
16.2800       34.23
16.3000       32.84
16.3200       31.60
16.3400       30.60
16.3600       29.87
16.3800       29.44
16.4000       29.16
16.4200       28.51
16.4400       27.27
16.4600       25.94
16.4800       24.86
16.5000       14.47
16.5200       14.21
16.5400       14.20
16.5600       14.66
16.5800       15.31
16.6000       16.58
16.6200       18.94
16.6400       23.17
16.6600       30.14
16.6800       40.01
16.7000       49.68
16.7200       50.47
16.7400       41.70
16.7600       31.71
16.7800       24.79
16.8000       21.20
16.8200       20.15
16.8400       20.34
16.8600       19.66
16.8800       14.60
16.9000       12.01
16.9200       10.07
16.9400        8.82
16.9600        8.06
16.9800        7.63
17.0000        7.41
17.0200        7.33
17.0400        5.03
17.0600        5.23
17.0800        5.54
17.1000        5.97
17.1200        6.55
17.1400        7.32
17.1600        8.34
17.1800        9.73
17.2000       11.69
17.2200       14.58
17.2400       19.15
17.2600       26.75
17.2800       39.24
17.3000       58.59
17.3200       83.75
17.3400      102.82
17.3600       97.81
17.3800       75.53
17.4000       53.19
17.4200       36.96
17.4400       26.80
17.4600       20.99
17.4800       17.83
17.5000       16.24
17.5200       15.64
17.5400       15.81
17.5600       16.72
17.5800       18.47
17.6000       21.37
17.6200       26.11
17.6400       34.06
17.6600       47.42
17.6800       69.00
17.7000      100.00
17.7200      132.82
17.7400      147.09
17.7600      133.24
17.7800      103.06
17.8000       74.39
17.8200       54.98
17.8400       44.12
17.8600       39.34
17.8800       38.79
17.9000       41.80
17.9200       49.02
17.9400       62.59
17.9600       86.64
17.9800      125.26
18.0000      179.99
18.0200      234.84
18.0400      249.74
18.0600      223.18
18.0800      201.51
18.1000      208.57
18.1200      235.90
18.1400      242.80
18.1600      201.07
18.1800      142.75
18.2000       96.36
18.2200       65.82
18.2400       47.18
18.2600       35.71
18.2800       28.33
18.3000       23.28
18.3200       19.63
18.3400       16.90
18.3600       14.81
18.3800       13.18
18.4000       11.92
18.4200       10.96
18.4400       10.21
18.4600        9.65
18.4800        9.29
18.5000        9.13
18.5200        9.18
18.5400        9.47
18.5600        9.98
18.5800       10.80
18.6000       12.35
18.6200       15.18
18.6400       20.11
18.6600       27.65
18.6800       36.48
18.7000       40.68
18.7200       35.74
18.7400       26.89
18.7600       19.67
18.7800       15.06
18.8000       12.48
18.8200       11.14
18.8400       10.78
18.8600       11.16
18.8800       12.41
18.9000       14.95
18.9200       19.33
18.9400       25.90
18.9600       33.34
18.9800       36.74
19.0000       32.90
19.0200       26.46
19.0400       21.85
19.0600       19.91
19.0800       19.81
19.1000       19.70
19.1200       18.37
19.1400       16.97
19.1600       16.38
19.1800       16.72
19.2000       17.94
19.2200       21.62
19.2400       24.78
19.2600       29.31
19.2800       35.99
19.3000       46.40
19.3200       63.58
19.3400       92.49
19.3600      139.19
19.3800      206.06
19.4000      274.74
19.4200      290.53
19.4400      236.17
19.4600      165.98
19.4800      113.14
19.5000       80.28
19.5200       61.77
19.5400       52.75
19.5600       49.90
19.5800       52.71
19.6000       61.57
19.6200       79.70
19.6400      109.14
19.6600      146.09
19.6800      169.31
19.7000      158.79
19.7200      131.73
19.7400      104.46
19.7600       80.70
19.7800       64.50
19.8000       56.07
19.8200       53.80
19.8400       56.92
19.8600       62.74
19.8800       63.78
19.9000       56.65
19.9200       48.08
19.9400       42.97
19.9600       42.39
19.9800       46.60
20.0000       55.88
20.0200       69.51
20.0400       81.71
20.0600       84.74
20.0800       83.85
20.1000       90.27
20.1200      109.73
20.1400      143.14
20.1600      178.78
20.1800      184.75
20.2000      152.84
20.2200      113.87
20.2400       85.52
20.2600       68.97
20.2800       61.33
20.3000       59.92
20.3200       62.91
20.3400       68.12
20.3600       71.73
20.3800       72.55
20.4000       74.22
20.4200       79.36
20.4400       89.08
20.4600      104.68
20.4800      128.20
20.5000      164.80
20.5200      210.70
20.5400      263.01
20.5600      320.03
20.5800      408.50
20.6000      571.54
20.6200      850.17
20.6400     1258.40
20.6600     1680.84
20.6800     1775.28
20.7000     1430.84
20.7200      985.83
20.7400      647.80
20.7600      432.90
20.7800      306.48
20.8000      234.22
20.8200      193.43
20.8400      171.33
20.8600      158.98
20.8800      147.77
20.9000      136.26
20.9200      129.07
20.9400      130.86
20.9600      147.77
20.9800      185.40
21.0000      246.16
21.0200      312.61
21.0400      329.90
21.0600      273.94
21.0800      198.25
21.1000      139.52
21.1200      101.48
21.1400       78.37
21.1600       64.58
21.1800       55.98
21.2000       50.37
21.2200       46.60
21.2400       44.20
21.2600       42.85
21.2800       42.45
21.3000       43.00
21.3200       44.70
21.3400       47.98
21.3600       53.88
21.3800       64.03
21.4000       80.55
21.4200      104.91
21.4400      133.09
21.4600      147.12
21.4800      133.88
21.5000      110.83
21.5200       94.54
21.5400       88.87
21.5600       93.40
21.5800      106.74
21.6000      123.87
21.6200      131.85
21.6400      124.62
21.6600      114.01
21.6800      109.02
21.7000      110.84
21.7200      118.91
21.7400      132.52
21.7600      152.16
21.7800      179.26
21.8000      216.68
21.8200      272.02
21.8400      351.02
21.8600      476.55
21.8800      688.13
21.9000     1037.93
21.9200     1587.03
21.9400     2322.73
21.9600     2937.38
21.9800     2859.25
22.0000     2191.83
22.0200     1502.76
22.0400     1005.19
22.0600      688.49
22.0800      501.22
22.1000      391.19
22.1200      318.56
22.1400      263.37
22.1600      222.12
22.1800      198.91
22.2000      191.43
22.2200      197.91
22.2400      210.47
22.2600      211.43
22.2800      195.63
22.3000      181.40
22.3200      181.75
22.3400      195.25
22.3600      209.27
22.3800      221.29
22.4000      247.33
22.4200      287.45
22.4400      309.65
22.4600      283.33
22.4800      223.23
22.5000      165.57
22.5200      125.96
22.5400      102.75
22.5600       91.01
22.5800       85.60
22.6000       81.04
22.6200       74.97
22.6400       69.86
22.6600       67.57
22.6800       68.00
22.7000       69.45
22.7200       68.81
22.7400       66.00
22.7600       63.62
22.7800       62.76
22.8000       63.36
22.8200       65.14
22.8400       67.90
22.8600       71.66
22.8800       76.21
22.9000       81.76
22.9200       88.34
22.9400       96.40
22.9600      106.12
22.9800      117.92
23.0000      132.36
23.0200      150.26
23.0400      174.65
23.0600      203.60
23.0800      241.74
23.1000      293.91
23.1200      367.78
23.1400      475.91
23.1600      637.20
23.1800      873.51
23.2000     1212.44
23.2200     1712.43
23.2400     2385.00
23.2600     2977.91
23.2800     3100.47
23.3000     2973.74
23.3200     3016.88
23.3400     3151.06
23.3600     2933.12
23.3800     2403.77
23.4000     1974.48
23.4200     1739.26
23.4400     1533.75
23.4600     1230.88
23.4800      900.19
23.5000      641.49
23.5200      466.75
23.5400      354.19
23.5600      280.74
23.5800      230.73
23.6000      195.29
23.6200      168.47
23.6400      147.98
23.6600      132.35
23.6800      120.64
23.7000      112.26
23.7200      106.06
23.7400       99.73
23.7600       91.58
23.7800       83.42
23.8000       76.75
23.8200       71.63
23.8400       67.90
23.8600       65.18
23.8800       63.29
23.9000       62.13
23.9200       61.58
23.9400       61.83
23.9600       63.25
23.9800       66.16
24.0000       71.34
24.0200       80.04
24.0400       93.63
24.0600      111.70
24.0800      131.66
24.1000      146.69
24.1200      146.47
24.1400      132.38
24.1600      117.97
24.1800      110.63
24.2000      111.18
24.2200      119.43
24.2400      136.16
24.2600      163.34
24.2800      202.41
24.3000      247.18
24.3200      278.08
24.3400      290.12
24.3600      310.13
24.3800      363.08
24.4000      471.71
24.4200      668.40
24.4400      992.62
24.4600     1453.93
24.4800     1912.79
24.5000     1992.22
24.5200     1614.08
24.5400     1156.65
24.5600      828.89
24.5800      647.48
24.6000      585.90
24.6200      629.17
24.6400      784.97
24.6600     1069.54
24.6800     1450.20
24.7000     1710.56
24.7200     1565.25
24.7400     1164.66
24.7600      803.66
24.7800      562.12
24.8000      422.86
24.8200      355.49
24.8400      335.27
24.8600      351.25
24.8800      380.72
24.9000      402.97
24.9200      422.82
24.9400      459.51
24.9600      525.21
24.9800      592.27
25.0000      622.49
25.0200      642.53
25.0400      639.67
25.0600      550.78
25.0800      418.86
25.1000      313.81
25.1200      244.89
25.1400      193.42
25.1600      151.21
25.1800      119.20
25.2000       97.10
25.2200       82.15
25.2400       72.01
25.2600       65.03
25.2800       60.32
25.3000       57.06
25.3200       55.31
25.3400       55.31
25.3600       57.63
25.3800       64.00
25.4000       74.46
25.4200       90.53
25.4400      111.91
25.4600      135.73
25.4800      146.89
25.5000      131.45
25.5200      105.00
25.5400       83.96
25.5600       71.44
25.5800       65.97
25.6000       65.91
25.6200       70.40
25.6400       79.74
25.6600       94.76
25.6800      117.10
25.7000      149.49
25.7200      187.96
25.7400      211.47
25.7600      208.12
25.7800      203.89
25.8000      224.90
25.8200      285.11
25.8400      392.87
25.8600      536.56
25.8800      641.78
25.9000      620.69
25.9200      540.10
25.9400      502.62
25.9600      523.60
25.9800      539.69
26.0000      477.71
26.0200      368.26
26.0400      273.37
26.0600      206.12
26.0800      164.45
26.1000      144.91
26.1200      144.40
26.1400      162.54
26.1600      199.09
26.1800      244.34
26.2000      284.84
26.2200      298.67
26.2400      266.27
26.2600      212.91
26.2800      165.56
26.3000      128.00
26.3200      101.82
26.3400       86.15
26.3600       78.11
26.3800       75.55
26.4000       77.53
26.4200       84.20
26.4400       96.69
26.4600      117.80
26.4800      149.40
26.5000      189.48
26.5200      227.91
26.5400      265.69
26.5600      322.00
26.5800      419.13
26.6000      566.11
26.6200      710.51
26.6400      725.35
26.6600      608.49
26.6800      489.95
26.7000      425.41
26.7200      396.55
26.7400      383.35
26.7600      409.42
26.7800      500.06
26.8000      647.30
26.8200      763.60
26.8400      711.64
26.8600      534.72
26.8800      366.12
26.9000      249.78
26.9200      179.74
26.9400      141.29
26.9600      122.12
26.9800      111.42
27.0000      100.17
27.0200       87.89
27.0400       77.08
27.0600       66.21
27.0800       55.30
27.1000       46.41
27.1200       39.90
27.1400       35.48
27.1600       32.61
27.1800       30.88
27.2000       30.14
27.2200       30.35
27.2400       31.79
27.2600       35.07
27.2800       41.41
27.3000       52.76
27.3200       71.42
27.3400       97.73
27.3600      123.31
27.3800      132.81
27.4000      121.94
27.4200      102.15
27.4400       83.98
27.4600       74.02
27.4800       72.66
27.5000       70.93
27.5200       61.96
27.5400       51.05
27.5600       42.67
27.5800       36.64
27.6000       31.50
27.6200       26.63
27.6400       23.03
27.6600       21.38
27.6800       20.87
27.7000       20.25
27.7200       18.16
27.7400       15.63
27.7600       13.77
27.7800       12.71
27.8000       12.41
27.8200       12.87
27.8400       14.28
27.8600       16.88
27.8800       20.68
27.9000       24.29
27.9200       24.62
27.9400       21.72
27.9600       18.82
27.9800       17.50
28.0000       18.06
28.0200       20.47
28.0400       23.94
28.0600       26.31
28.0800       26.06
28.1000       25.54
28.1200       26.68
28.1400       31.86
28.1600       40.47
28.1800       50.46
28.2000       58.41
28.2200       61.40
28.2400       60.24
28.2600       59.07
28.2800       56.54
28.3000       49.61
28.3200       44.24
28.3400       43.66
28.3600       49.27
28.3800       61.66
28.4000       79.58
28.4200       96.25
28.4400      106.15
28.4600      115.79
28.4800      128.66
28.5000      147.40
28.5200      174.48
28.5400      191.05
28.5600      176.09
28.5800      150.92
28.6000      142.11
28.6200      156.11
28.6400      182.35
28.6600      189.13
28.6800      160.10
28.7000      120.56
28.7200       89.42
28.7400       70.00
28.7600       59.68
28.7800       54.15
28.8000       50.45
28.8200       48.00
28.8400       44.27
28.8600       38.87
28.8800       35.12
28.9000       35.27
28.9200       40.69
28.9400       52.85
28.9600       72.42
28.9800       94.65
29.0000      102.35
29.0200       86.02
29.0400       62.19
29.0600       43.66
29.0800       31.94
29.1000       24.75
29.1200       19.83
29.1400       16.38
29.1600       14.13
29.1800       12.89
29.2000       12.45
29.2200       12.83
29.2400       14.06
29.2600       15.89
29.2800       17.33
29.3000       17.82
29.3200       18.67
29.3400       20.92
29.3600       24.49
29.3800       29.79
29.4000       37.60
29.4200       45.31
29.4400       46.86
29.4600       43.45
29.4800       41.20
29.5000       42.15
29.5200       46.20
29.5400       51.04
29.5600       52.86
29.5800       51.53
29.6000       49.50
29.6200       45.96
29.6400       37.81
29.6600       27.97
29.6800       20.35
29.7000       15.51
29.7200       12.80
29.7400       11.61
29.7600       12.40
29.7800       13.84
29.8000       16.60
29.8200       19.88
29.8400       20.95
29.8600       18.34
29.8800       14.68
29.9000       11.92
29.9200       10.37
29.9400        9.91
29.9600       10.24
29.9800       11.34
30.0000       13.51
30.0200       17.79
30.0400       23.88
30.0600       30.66
30.0800       33.45
30.1000       29.54
30.1200       23.34
30.1400       18.90
30.1600       16.70
30.1800       16.58
30.2000       18.60
30.2200       23.34
30.2400       31.83
30.2600       44.69
30.2800       59.12
30.3000       64.80
30.3200       55.91
30.3400       42.73
30.3600       33.28
30.3800       28.40
30.4000       26.04
30.4200       23.83
30.4400       20.84
30.4600       17.95
30.4800       16.30
30.5000       16.00
30.5200       17.02
30.5400       19.36
30.5600       23.10
30.5800       29.00
30.6000       37.46
30.6200       46.05
30.6400       47.43
30.6600       40.07
30.6800       31.23
30.7000       24.93
30.7200       21.41
30.7400       19.98
30.7600       20.02
30.7800       21.16
30.8000       23.08
30.8200       25.22
30.8400       26.97
30.8600       28.18
30.8800       29.41
30.9000       31.61
30.9200       35.22
30.9400       40.61
30.9600       48.21
30.9800       58.57
31.0000       73.13
31.0200       95.33
31.0400      130.07
31.0600      179.65
31.0800      232.90
31.1000      259.54
31.1200      256.66
31.1400      266.20
31.1600      320.53
31.1800      435.52
31.2000      605.52
31.2200      754.23
31.2400      741.27
31.2600      591.80
31.2800      447.58
31.3000      360.35
31.3200      313.60
31.3400      284.37
31.3600      275.16
31.3800      282.11
31.4000      292.22
31.4200      311.05
31.4400      334.42
31.4600      348.24
31.4800      326.98
31.5000      259.63
31.5200      185.91
31.5400      131.08
31.5600       96.17
31.5800       75.81
31.6000       64.93
31.6200       59.51
31.6400       55.38
31.6600       49.74
31.6800       44.22
31.7000       40.55
31.7200       38.05
31.7400       35.33
31.7600       31.78
31.7800       29.01
31.8000       27.19
31.8200       26.25
31.8400       26.22
31.8600       26.91
31.8800       28.10
31.9000       30.19
31.9200       34.03
31.9400       40.97
31.9600       53.06
31.9800       73.02
32.0000      102.57
32.0200      136.00
32.0400      151.67
32.0600      138.26
32.0800      118.07
32.1000      105.42
32.1200       95.08
32.1400       83.07
32.1600       75.46
32.1800       75.50
32.2000       80.06
32.2200       83.65
32.2400       84.87
32.2600       83.17
32.2800       76.37
32.3000       68.77
32.3200       65.59
32.3400       69.02
32.3600       80.55
32.3800      102.48
32.4000      137.37
32.4200      185.27
32.4400      242.50
32.4600      299.11
32.4800      336.02
32.5000      361.62
32.5200      377.64
32.5400      341.59
32.5600      264.51
32.5800      195.73
32.6000      148.72
32.6200      115.69
32.6400       92.22
32.6600       77.55
32.6800       70.30
32.7000       69.41
32.7200       74.47
32.7400       88.94
32.7600      116.19
32.7800      161.66
32.8000      227.84
32.8200      294.97
32.8400      307.08
32.8600      250.12
32.8800      179.18
32.9000      125.74
32.9200       92.14
32.9400       73.11
32.9600       63.68
32.9800       60.15
33.0000       60.97
33.0200       65.93
33.0400       75.93
33.0600       93.21
33.0800      122.06
33.1000      170.56
33.1200      250.31
33.1400      366.91
33.1600      494.60
33.1800      551.26
33.2000      481.23
33.2200      353.86
33.2400      240.21
33.2600      161.02
33.2800      112.15
33.3000       83.37
33.3200       66.06
33.3400       55.04
33.3600       48.13
33.3800       43.81
33.4000       39.98
33.4200       36.01
33.4400       33.09
33.4600       31.69
33.4800       31.19
33.5000       29.88
33.5200       29.72
33.5400       32.10
33.5600       37.43
33.5800       45.25
33.6000       53.08
33.6200       57.10
33.6400       57.73
33.6600       59.51
33.6800       63.40
33.7000       69.63
33.7200       76.64
33.7400       76.26
33.7600       66.38
33.7800       53.45
33.8000       40.30
33.8200       29.78
33.8400       22.79
33.8600       18.36
33.8800       15.64
33.9000       13.95
33.9200       12.96
33.9400       12.34
33.9600       12.39
33.9800       13.00
34.0000       13.88
34.0200       15.29
34.0400       16.28
34.0600       16.41
34.0800       16.81
34.1000       18.58
34.1200       22.10
34.1400       26.44
34.1600       28.28
34.1800       25.82
34.2000       22.29
34.2200       20.28
34.2400       20.48
34.2600       23.26
34.2800       29.30
34.3000       39.11
34.3200       51.29
34.3400       60.05
34.3600       59.52
34.3800       52.49
34.4000       43.78
34.4200       34.81
34.4400       27.36
34.4600       22.45
34.4800       19.66
34.5000       18.35
34.5200       18.05
34.5400       18.46
34.5600       19.45
34.5800       20.75
34.6000       22.17
34.6200       23.92
34.6400       26.02
34.6600       29.11
34.6800       32.96
34.7000       38.09
34.7200       44.27
34.7400       50.39
34.7600       57.48
34.7800       68.42
34.8000       85.26
34.8200      109.12
34.8400      141.25
34.8600      181.28
34.8800      232.42
34.9000      312.68
34.9200      432.82
34.9400      556.16
34.9600      588.80
34.9800      520.74
35.0000      428.05
35.0200      347.95
35.0400      302.45
35.0600      289.69
35.0800      281.89
35.1000      273.05
35.1200      289.49
35.1400      347.46
35.1600      435.86
35.1800      493.27
35.2000      459.46
35.2200      376.84
35.2400      299.51
35.2600      249.15
35.2800      224.11
35.3000      200.44
35.3200      165.63
35.3400      132.56
35.3600      107.90
35.3800       88.99
35.4000       74.90
35.4200       66.25
35.4400       60.63
35.4600       55.12
35.4800       49.11
35.5000       42.79
35.5200       37.25
35.5400       33.64
35.5600       31.85
35.5800       30.93
35.6000       30.22
35.6200       30.28
35.6400       32.15
35.6600       36.62
35.6800       44.37
35.7000       55.48
35.7200       67.15
35.7400       76.75
35.7600       89.95
35.7800      112.56
35.8000      137.40
35.8200      141.46
35.8400      120.23
35.8600       96.23
35.8800       79.74
35.9000       68.20
35.9200       58.92
35.9400       52.57
35.9600       49.10
35.9800       47.73
36.0000       50.37
36.0200       59.80
36.0400       78.65
36.0600      107.72
36.0800      138.80
36.1000      147.08
36.1200      123.02
36.1400       90.67
36.1600       66.40
36.1800       52.25
36.2000       45.98
36.2200       44.73
36.2400       45.12
36.2600       44.74
36.2800       43.29
36.3000       40.81
36.3200       38.91
36.3400       39.17
36.3600       41.88
36.3800       47.18
36.4000       55.69
36.4200       69.45
36.4400       92.32
36.4600      131.73
36.4800      194.70
36.5000      281.45
36.5200      360.95
36.5400      364.86
36.5600      294.19
36.5800      217.55
36.6000      164.62
36.6200      135.42
36.6400      126.39
36.6600      138.07
36.6800      173.80
36.7000      240.07
36.7200      337.38
36.7400      431.99
36.7600      444.52
36.7800      371.34
36.8000      291.02
36.8200      230.79
36.8400      177.72
36.8600      132.28
36.8800      101.03
36.9000       83.11
36.9200       75.51
36.9400       75.75
36.9600       80.75
36.9800       87.10
37.0000       96.42
37.0200      110.15
37.0400      121.20
37.0600      122.19
37.0800      117.22
37.1000      110.64
37.1200      100.94
37.1400       92.42
37.1600       90.13
37.1800       89.82
37.2000       85.56
37.2200       76.23
37.2400       66.62
37.2600       61.12
37.2800       59.45
37.3000       58.52
37.3200       54.85
37.3400       48.99
37.3600       45.48
37.3800       47.25
37.4000       54.68
37.4200       64.77
37.4400       70.20
37.4600       69.63
37.4800       67.32
37.5000       62.12
37.5200       56.04
37.5400       51.58
37.5600       47.71
37.5800       46.08
37.6000       49.20
37.6200       56.13
37.6400       62.61
37.6600       66.79
37.6800       69.87
37.7000       70.87
37.7200       72.81
37.7400       77.59
37.7600       82.62
37.7800       90.92
37.8000      105.50
37.8200      118.89
37.8400      120.81
37.8600      114.46
37.8800      113.45
37.9000      120.59
37.9200      120.66
37.9400      102.01
37.9600       77.69
37.9800       60.21
38.0000       52.13
38.0200       52.42
38.0400       59.94
38.0600       69.33
38.0800       72.08
38.1000       63.65
38.1200       49.12
38.1400       36.36
38.1600       27.78
38.1800       22.62
38.2000       19.69
38.2200       18.08
38.2400       17.11
38.2600       17.42
38.2800       18.49
38.3000       20.11
38.3200       21.46
38.3400       22.49
38.3600       24.36
38.3800       27.95
38.4000       33.92
38.4200       42.76
38.4400       55.36
38.4600       74.37
38.4800      101.63
38.5000      132.74
38.5200      156.87
38.5400      174.67
38.5600      189.55
38.5800      186.96
38.6000      172.47
38.6200      162.29
38.6400      157.65
38.6600      144.41
38.6800      117.01
38.7000       90.45
38.7200       72.38
38.7400       60.72
38.7600       52.15
38.7800       45.46
38.8000       41.14
38.8200       40.84
38.8400       45.90
38.8600       57.83
38.8800       77.42
38.9000      101.38
38.9200      116.90
38.9400      110.77
38.9600       89.85
38.9800       66.61
39.0000       47.83
39.0200       35.56
39.0400       28.71
39.0600       25.74
39.0800       25.60
39.1000       27.16
39.1200       27.95
39.1400       25.85
39.1600       22.62
39.1800       20.70
39.2000       20.80
39.2200       22.89
39.2400       26.26
39.2600       28.82
39.2800       30.18
39.3000       33.01
39.3200       38.19
39.3400       42.46
39.3600       41.57
39.3800       36.53
39.4000       31.69
39.4200       28.57
39.4400       26.35
39.4600       24.87
39.4800       24.43
39.5000       25.54
39.5200       27.38
39.5400       28.77
39.5600       29.91
39.5800       32.29
39.6000       35.79
39.6200       39.12
39.6400       41.67
39.6600       43.98
39.6800       45.01
39.7000       46.23
39.7200       49.97
39.7400       56.87
39.7600       64.97
39.7800       70.23
39.8000       71.07
39.8200       70.33
39.8400       73.60
39.8600       85.10
39.8800      108.48
39.9000      148.18
39.9200      210.13
39.9400      297.50
39.9600      387.64
39.9800      411.72
40.0000      354.52
40.0200      290.72
40.0400      263.84
40.0600      272.13
40.0800      280.68
40.1000      253.22
40.1200      210.47
40.1400      185.04
40.1600      186.87
40.1800      216.16
40.2000      260.06
40.2200      278.65
40.2400      245.45
40.2600      196.39
40.2800      165.08
40.3000      159.92
40.3200      181.98
40.3400      229.97
40.3600      292.02
40.3800      327.69
40.4000      295.84
40.4200      228.84
40.4400      168.81
40.4600      125.19
40.4800       94.02
40.5000       71.61
40.5200       56.37
40.5400       46.48
40.5600       40.24
40.5800       36.48
40.6000       34.66
40.6200       34.82
40.6400       36.94
40.6600       41.76
40.6800       49.58
40.7000       59.26
40.7200       68.50
40.7400       74.14
40.7600       74.87
40.7800       73.85
40.8000       70.57
40.8200       66.18
40.8400       66.06
40.8600       74.26
40.8800       94.46
40.9000      130.77
40.9200      184.09
40.9400      238.03
40.9600      248.68
40.9800      206.98
41.0000      157.47
41.0200      125.19
41.0400      111.59
41.0600      111.85
41.0800      124.17
41.1000      150.79
41.1200      193.52
41.1400      240.44
41.1600      252.84
41.1800      218.01
41.2000      171.20
41.2200      130.90
41.2400      101.98
41.2600       86.20
41.2800       82.65
41.3000       91.30
41.3200      114.77
41.3400      156.97
41.3600      216.37
41.3800      266.89
41.4000      258.81
41.4200      199.76
41.4400      139.21
41.4600       96.03
41.4800       69.65
41.5000       54.42
41.5200       45.84
41.5400       40.96
41.5600       38.86
41.5800       38.64
41.6000       40.13
41.6200       43.46
41.6400       49.27
41.6600       59.07
41.6800       75.28
41.7000      102.15
41.7200      144.32
41.7400      207.31
41.7600      288.51
41.7800      350.02
41.8000      331.13
41.8200      253.70
41.8400      178.31
41.8600      126.16
41.8800       95.65
41.9000       80.51
41.9200       75.60
41.9400       77.38
41.9600       81.70
41.9800       88.41
42.0000      104.42
42.0200      135.26
42.0400      177.23
42.0600      204.48
42.0800      187.27
42.1000      144.21
42.1200      105.82
42.1400       80.95
42.1600       69.06
42.1800       68.51
42.2000       78.78
42.2200       99.16
42.2400      122.20
42.2600      127.73
42.2800      108.45
42.3000       83.54
42.3200       66.28
42.3400       58.20
42.3600       55.83
42.3800       53.29
42.4000       49.02
42.4200       46.97
42.4400       48.42
42.4600       51.29
42.4800       51.12
42.5000       47.33
42.5200       44.86
42.5400       47.42
42.5600       56.19
42.5800       70.04
42.6000       83.00
42.6200       85.73
42.6400       78.98
42.6600       75.21
42.6800       79.72
42.7000       87.29
42.7200       85.95
42.7400       75.62
42.7600       66.75
42.7800       65.15
42.8000       70.89
42.8200       78.74
42.8400       79.83
42.8600       71.31
42.8800       59.58
42.9000       51.08
42.9200       47.80
42.9400       50.79
42.9600       61.71
42.9800       82.90
43.0000      114.65
43.0200      146.76
43.0400      154.01
43.0600      129.33
43.0800       94.89
43.1000       67.92
43.1200       50.98
43.1400       40.49
43.1600       32.61
43.1800       26.56
43.2000       22.36
43.2200       19.78
43.2400       18.47
43.2600       17.94
43.2800       18.83
43.3000       21.01
43.3200       24.48
43.3400       28.40
43.3600       30.80
43.3800       31.70
43.4000       33.98
43.4200       38.68
43.4400       44.28
43.4600       48.86
43.4800       55.40
43.5000       68.76
43.5200       93.67
43.5400      135.38
43.5600      193.22
43.5800      246.72
43.6000      249.77
43.6200      197.40
43.6400      137.36
43.6600       93.99
43.6800       68.36
43.7000       56.07
43.7200       53.03
43.7400       55.90
43.7600       60.09
43.7800       58.22
43.8000       48.85
43.8200       38.35
43.8400       30.97
43.8600       27.40
43.8800       27.24
43.9000       29.70
43.9200       33.20
43.9400       36.55
43.9600       40.32
43.9800       41.74
44.0000       38.05
44.0200       32.27
44.0400       27.81
44.0600       25.16
44.0800       24.12
44.1000       25.05
44.1200       28.68
44.1400       35.48
44.1600       45.02
44.1800       55.03
44.2000       63.36
44.2200       70.11
44.2400       71.50
44.2600       62.24
44.2800       47.52
44.3000       35.18
44.3200       27.32
44.3400       23.04
44.3600       21.11
44.3800       20.97
44.4000       22.43
44.4200       25.69
44.4400       31.27
44.4600       40.31
44.4800       53.95
44.5000       70.12
44.5200       78.99
44.5400       73.73
44.5600       63.17
44.5800       57.30
44.6000       59.54
44.6200       69.10
44.6400       79.52
44.6600       79.78
44.6800       72.25
44.7000       68.32
44.7200       74.45
44.7400       93.28
44.7600      124.73
44.7800      160.55
44.8000      178.14
44.8200      162.40
44.8400      136.26
44.8600      121.17
44.8800      118.79
44.9000      116.45
44.9200      104.96
44.9400       91.25
44.9600       80.62
44.9800       76.02
45.0000       81.10
45.0200       96.52
45.0400      117.11
45.0600      131.27
45.0800      135.45
45.1000      132.75
45.1200      118.60
45.1400       96.18
45.1600       78.41
45.1800       71.09
45.2000       73.72
45.2200       82.42
45.2400       89.82
45.2600       93.05
45.2800       94.00
45.3000       90.63
45.3200       85.84
45.3400       87.81
45.3600      100.53
45.3800      122.73
45.4000      147.44
45.4200      156.48
45.4400      136.71
45.4600      104.34
45.4800       78.30
45.5000       63.73
45.5200       59.07
45.5400       59.82
45.5600       58.96
45.5800       54.36
45.6000       50.66
45.6200       50.10
45.6400       52.36
45.6600       58.42
45.6800       67.14
45.7000       72.81
45.7200       74.39
45.7400       78.95
45.7600       90.56
45.7800      101.64
45.8000       98.75
45.8200       84.27
45.8400       67.53
45.8600       52.49
45.8800       41.53
45.9000       35.00
45.9200       31.99
45.9400       31.65
45.9600       33.62
45.9800       37.93
46.0000       45.90
46.0200       59.67
46.0400       82.37
46.0600      116.79
46.0800      159.64
46.1000      196.02
46.1200      214.94
46.1400      209.17
46.1600      182.28
46.1800      162.20
46.2000      162.81
46.2200      173.22
46.2400      166.07
46.2600      137.73
46.2800      112.08
46.3000      101.41
46.3200      106.89
46.3400      125.34
46.3600      149.28
46.3800      159.19
46.4000      139.28
46.4200      107.02
46.4400       82.13
46.4600       69.59
46.4800       67.93
46.5000       72.23
46.5200       73.17
46.5400       65.90
46.5600       55.85
46.5800       48.65
46.6000       47.23
46.6200       52.18
46.6400       61.74
46.6600       71.23
46.6800       75.25
46.7000       75.08
46.7200       71.68
46.7400       61.49
46.7600       48.82
46.7800       39.94
46.8000       36.11
46.8200       35.07
46.8400       33.08
46.8600       28.59
46.8800       23.81
46.9000       20.77
46.9200       19.24
46.9400       18.23
46.9600       17.20
46.9800       16.90
47.0000       17.93
47.0200       20.21
47.0400       22.62
47.0600       23.86
47.0800       23.88
47.1000       22.35
47.1200       19.81
47.1400       17.91
47.1600       17.22
47.1800       17.70
47.2000       19.14
47.2200       21.52
47.2400       24.87
47.2600       29.25
47.2800       35.84
47.3000       46.58
47.3200       64.07
47.3400       91.04
47.3600      128.71
47.3800      170.20
47.4000      191.81
47.4200      173.96
47.4400      137.18
47.4600      106.55
47.4800       87.95
47.5000       81.18
47.5200       85.20
47.5400       98.64
47.5600      115.04
47.5800      125.49
47.6000      136.36
47.6200      153.82
47.6400      162.56
47.6600      148.33
47.6800      127.82
47.7000      115.86
47.7200      114.54
47.7400      115.83
47.7600      108.33
47.7800       96.40
47.8000       87.01
47.8200       80.55
47.8400       77.08
47.8600       75.60
47.8800       77.15
47.9000       85.76
47.9200      100.48
47.9400      111.90
47.9600      105.37
47.9800       84.10
48.0000       62.75
48.0200       47.87
48.0400       39.82
48.0600       37.27
48.0800       38.62
48.1000       42.72
48.1200       49.98
48.1400       59.81
48.1600       67.09
48.1800       67.57
48.2000       63.90
48.2200       57.96
48.2400       50.89
48.2600       44.40
48.2800       39.09
48.3000       35.98
48.3200       36.43
48.3400       40.52
48.3600       47.74
48.3800       54.88
48.4000       55.45
48.4200       50.58
48.4400       47.25
48.4600       49.35
48.4800       57.51
48.5000       67.22
48.5200       69.54
48.5400       63.69
48.5600       56.31
48.5800       51.06
48.6000       50.30
48.6200       55.38
48.6400       63.34
48.6600       66.20
48.6800       60.76
48.7000       52.34
48.7200       45.33
48.7400       40.52
48.7600       36.25
48.7800       31.40
48.8000       28.16
48.8200       27.85
48.8400       30.41
48.8600       34.95
48.8800       38.41
48.9000       37.48
48.9200       35.07
48.9400       33.55
48.9600       31.52
48.9800       29.20
49.0000       28.46
49.0200       29.55
49.0400       32.47
49.0600       37.40
49.0800       42.55
49.1000       45.35
49.1200       48.32
49.1400       54.82
49.1600       64.10
49.1800       70.49
49.2000       72.08
49.2200       77.04
49.2400       90.94
49.2600      108.70
49.2800      115.13
49.3000      104.77
49.3200       92.19
49.3400       88.41
49.3600       93.73
49.3800      103.12
49.4000      106.91
49.4200      103.58
49.4400       98.27
49.4600       90.53
49.4800       79.43
49.5000       67.33
49.5200       55.61
49.5400       43.49
49.5600       33.07
49.5800       26.05
49.6000       22.22
49.6200       20.98
49.6400       21.88
49.6600       24.04
49.6800       25.14
49.7000       23.57
49.7200       21.52
49.7400       21.38
49.7600       24.08
49.7800       29.81
49.8000       37.25
49.8200       41.89
49.8400       40.07
49.8600       35.09
49.8800       29.88
49.9000       25.14
49.9200       22.03
49.9400       20.83
49.9600       20.31
49.9800       19.50
50.0000       19.09
